3.999941559970339313e+03 1.500000000000000000e+00 2.000000000000000000e+00 8.756427195630299073e-03 2.696763678390658864e-02 1.028739804393681307e-03 1.000000000000000048e-04
3.999969183738360243e+03 1.500000000000000000e+00 2.000000000000000000e+00 8.756660315827212784e-03 2.696805631767213232e-02 1.028718833396673801e-03 1.000000000000000048e-04
3.999904998569703821e+03 1.000000000000000000e+01 2.000000000000000000e+00 5.000000000000000278e-02 5.000000000000000278e-02 2.087575917735162538e-03 1.000000000000000048e-04
3.999905005238952981e+03 1.500000000000000000e+00 2.000000000000000000e+00 1.050165028976271162e-02 9.999999999999982861e-05 8.899919696744511971e-03 2.245836337220002109e-04
3.999938649211851498e+03 1.500000000000000000e+00 2.000000000000000000e+00 8.756918861879443503e-03 2.697309197425205168e-02 1.024719561812374507e-03 1.000000000000000048e-04
3.999809786302771045e+03 1.000000000000000000e+01 2.000000000000000000e+00 5.000000000000000278e-02 5.000000000000000278e-02 2.086865570112945382e-03 1.000000000000000048e-04
3.999689599253325923e+03 1.500000000000000000e+00 2.000000000000000000e+00 8.758161952865238520e-03 2.697085686836942636e-02 1.026257248454639278e-03 1.000000000000000048e-04
3.999899866198722066e+03 1.500000000000000000e+00 2.000000000000000000e+00 8.756666663136007667e-03 2.696748821254121159e-02 1.028863411321463955e-03 1.000000000000000048e-04
3.999785742576254052e+03 1.000000000000000000e+01 2.000000000000000000e+00 5.000000000000000278e-02 5.000000000000000278e-02 2.087155976897108606e-03 1.000000000000000048e-04
3.700000000000000000e+03 1.500000000000000000e+00 2.000000000000000000e+00 9.335878670501224566e-03 2.576873100123228469e-02 2.052245500071173991e-03 1.000000000000000048e-04
3.999939546091137345e+03 1.500000000000000000e+00 2.000000000000000000e+00 9.379395550671911289e-03 2.012094072760630889e-02 7.006524497899567147e-03 1.000000000000000048e-04
3.999895230778845871e+03 1.500000000000000000e+00 2.000000000000000000e+00 8.756677355022602499e-03 2.696785625782083945e-02 1.028852243231681996e-03 1.000000000000000048e-04
3.999862991107086600e+03 1.500000000000000000e+00 2.000000000000000000e+00 1.000000000000000048e-04 3.934555146422521739e-04 7.187647394263216825e-03 5.319960376734320486e-04
3.999912257237846916e+03 1.500000000000000000e+00 2.000000000000000000e+00 2.685737402215878332e-03 1.534035908674172798e-03 1.000000000000000048e-04 1.000000000000000048e-04
3.999793044794299931e+03 1.500000000000000000e+00 2.000000000000000000e+00 8.756680647369511489e-03 2.696705716327186392e-02 1.029427831848962185e-03 1.000000000000000048e-04
3.999778829736279476e+03 1.000000000000000000e+01 2.000000000000000000e+00 5.000000000000000278e-02 5.000000000000000278e-02 2.086869869327112777e-03 1.000000000000000048e-04
3.999761488349941828e+03 1.500000000000000000e+00 2.000000000000000000e+00 8.756828053468480866e-03 2.696702617104889885e-02 1.029424286327858479e-03 1.000000000000000048e-04
3.999729679893032426e+03 1.500000000000000000e+00 2.000000000000000000e+00 8.757334988666199554e-03 2.697176138306602022e-02 1.026201478998232377e-03 1.000000000000000048e-04
3.999936896599237116e+03 1.000000000000000000e+01 2.000000000000000000e+00 5.000000000000000278e-02 5.000000000000000278e-02 2.086839609970002948e-03 1.000000000000000048e-04
3.700000000000000000e+03 1.000000000000000000e+01 2.000000000000000000e+00 5.000000000000000278e-02 5.000000000000000278e-02 2.143316465088044177e-03 1.000000000000000048e-04
3.999920254639439463e+03 1.500000000000000000e+00 2.000000000000000000e+00 8.757485580251116869e-03 2.696563817450169445e-02 1.028269290921371903e-03 1.000000000000000048e-04
3.999874369603339801e+03 1.000000000000000000e+01 2.000000000000000000e+00 5.000000000000000278e-02 5.000000000000000278e-02 2.086851470687022155e-03 1.000000000000000048e-04
3.999840721210299307e+03 1.000000000000000000e+01 2.000000000000000000e+00 5.000000000000000278e-02 5.000000000000000278e-02 2.086857001068300951e-03 1.000000000000000048e-04
4.001149845105523582e+03 1.500000000000000000e+00 2.000000000000000000e+00 8.718193338652811472e-03 2.386361837135019676e-02 2.775242141775807921e-03 1.000000000000000048e-04
3.999819068671755758e+03 1.000000000000000000e+01 2.000000000000000000e+00 5.000000000000000278e-02 5.000000000000000278e-02 2.086863241295917708e-03 1.000000000000000048e-04
3.999743045742547110e+03 1.000000000000000000e+01 2.000000000000000000e+00 5.000000000000000278e-02 5.000000000000000278e-02 2.086877243201713111e-03 1.000000000000000048e-04
3.999677701874923514e+03 1.500000000000000000e+00 2.000000000000000000e+00 8.756891204231396705e-03 2.697111521329064246e-02 1.026603149488339957e-03 1.000000000000000048e-04
